/home/weic/project/linux/image/5153_front.jpg*34 11 31 18 35 18 26 21 40 21 27 26 40 26 27 33 38 33 22 27 44 26 17 32 49 31 24 24 42 23 33 57 
/home/weic/project/linux/image/5157_front.jpg*34 8 31 16 36 16 26 19 41 18 26 24 41 24 26 32 40 32 22 25 46 25 16 31 51 31 24 22 44 22 33 56 
/home/weic/project/linux/image/796_front.jpg*35 4 32 13 38 13 27 16 43 16 28 22 42 21 29 30 42 30 24 23 47 23 20 30 52 29 25 20 45 20 35 52 
/home/weic/project/linux/image/5155_front.jpg*33 7 31 16 35 16 26 18 41 18 27 24 40 24 27 32 39 32 22 25 44 25 18 32 47 32 24 22 43 22 34 57 
/home/weic/project/linux/image/5156_front.jpg*34 9 32 17 36 16 27 18 41 18 27 23 40 23 28 31 40 31 21 24 45 24 14 29 51 30 24 21 43 21 34 57 
/home/weic/project/linux/image/186_front.jpg*46 2 30 1 37 1 20 5 45 6 23 13 42 15 23 26 41 26 15 15 50 16 8 24 56 25 18 10 47 10 31 56 
/home/weic/project/linux/image/5154_front.jpg*32 12 30 18 35 18 25 20 40 21 26 26 39 26 27 32 38 32 22 27 43 28 17 33 47 33 24 24 42 24 32 57 
/home/weic/project/linux/image/185_front.jpg*46 2 30 1 37 1 20 5 45 6 23 13 42 15 23 26 41 26 15 15 50 16 8 24 56 25 18 10 47 10 31 56 
/home/weic/project/linux/image/2232_front.jpg*32 8 30 16 34 16 26 18 39 19 26 23 37 23 27 30 37 29 22 25 42 25 18 30 45 31 23 21 40 22 31 49 
/home/weic/project/linux/image/187_front.jpg*17 23 24 17 36 18 14 21 42 21 17 31 39 28 19 36 34 36 15 37 48 39 35 39 48 38 12 30 46 27 31 57 
/home/weic/project/linux/image/5152_front.jpg*34 9 31 17 36 17 26 19 41 19 27 25 40 25 27 32 40 33 21 26 46 26 17 33 49 33 23 23 43 23 33 57 
/home/weic/project/linux/image/5151_front.jpg*33 10 31 17 35 17 26 19 40 18 27 24 39 24 28 31 39 31 21 26 46 24 17 31 52 30 24 22 42 21 33 57 
/home/weic/project/linux/image/191_front.jpg*25 1 23 8 27 8 25 24 39 19 25 29 35 23 12 60 37 31 21 28 36 20 38 45 41 17 23 28 34 18 35 59 
/home/weic/project/linux/image/181_front.jpg*31 5 29 14 35 14 23 17 41 17 24 23 40 23 24 31 39 32 20 26 43 26 20 35 43 34 21 21 43 21 32 59 
/home/weic/project/linux/image/189_front.jpg*36 14 30 26 3 53 32 17 39 15 30 32 39 20 27 25 38 27 36 20 40 24 17 27 42 29 32 18 40 19 31 57 
/home/weic/project/linux/image/190_front.jpg*24 7 24 15 27 15 20 18 33 17 21 23 32 22 22 32 32 32 21 27 36 24 23 37 30 33 19 23 34 21 31 59 
